PRIORITY motif from NR3C1_8mers_11111111_40.txt, size=9
A: 
C: 
G: 
T: 

Refined PWM:
A: 0.2500 0.2500 0.2500 0.2500 0.7118 0.2876 0.5294 0.3987 0.3856 0.4641 0.3528 0.5225 0.2500 0.2500 0.2500 0.2500 0.2500 0.2500 0.2500 0.2500 0.2500 0.2500 0.2500 0.2500 0.2500
C: 0.2500 0.2500 0.2500 0.2500 0.1113 0.2092 0.1176 0.0784 0.0654 0.1111 0.1374 0.1700 0.2500 0.2500 0.2500 0.2500 0.2500 0.2500 0.2500 0.2500 0.2500 0.2500 0.2500 0.2500 0.2500
G: 0.2500 0.2500 0.2500 0.2500 0.0656 0.0784 0.0980 0.1046 0.1046 0.1111 0.0525 0.1178 0.2500 0.2500 0.2500 0.2500 0.2500 0.2500 0.2500 0.2500 0.2500 0.2500 0.2500 0.2500 0.2500
T: 0.2500 0.2500 0.2500 0.2500 0.1113 0.4248 0.2550 0.4183 0.4444 0.3137 0.4573 0.1897 0.2500 0.2500 0.2500 0.2500 0.2500 0.2500 0.2500 0.2500 0.2500 0.2500 0.2500 0.2500 0.2500

Refined PWM trimmed at 0.15 information content cutoff:
A: 0.7118 0.2876 0.5294 0.3987 0.3856 0.4641 0.3528 0.5225
C: 0.1113 0.2092 0.1176 0.0784 0.0654 0.1111 0.1374 0.1700
G: 0.0656 0.0784 0.0980 0.1046 0.1046 0.1111 0.0525 0.1178
T: 0.1113 0.4248 0.2550 0.4183 0.4444 0.3137 0.4573 0.1897
