
Transcription factor: FKH1_YPD

Trials: 50
Iterations/trial: 10000
Background model order: 3
Prior(s):
	0 = other/uniform prior

Number of sequences: 103
Motif length: 8



Best score: -2.84940253267332
obtained during trial 2, iteration 4027

Phi:
       1      2      3      4      5      6      7      8   
 a  0.6117 0.1456 0.1650 0.0000 1.0000 0.9709 0.9903 0.0097 
 c  0.1845 0.2233 0.0971 0.0000 0.0000 0.0097 0.0000 0.7476 
 g  0.0097 0.2621 0.6602 0.0000 0.0000 0.0097 0.0097 0.0388 
 t  0.1942 0.3689 0.0777 1.0000 0.0000 0.0097 0.0000 0.2039 

       A      t      G      T      A      A      A      C    
              g                                         t    
              c                                              


Z: 87 1306 989 206 614 158 667 452 99 338 947 132 76 269 765 459 915 438 104 210 382 1099 133 232 103 41 822 1885 671 352 203 1277 147 796 546 193 433 233 1581 808 152 629 553 806 142 30 251 130 123 429 41 840 788 129 32 803 211 228 90 797 132 468 347 309 115 1011 240 875 68 449 653 450 502 267 849 530 893 325 507 215 667 633 24 119 1200 203 707 1083 284 941 1132 343 394 2458 297 921 550 255 188 790 540 1789 32 

