
Transcription factor: GCN4_YPD

Trials: 10
Iterations/trial: 5000
Background model order: 3
Prior(s):
	0 = other/uniform prior

Number of sequences: 58
Motif length: 8



Best score: 149.62745528527122
obtained during trial 7, iteration 1529

Phi:
       1      2      3      4      5      6      7      8   
 a  0.0172 0.0000 0.9483 0.0000 0.0690 0.0172 1.0000 0.0345 
 c  0.0000 0.0000 0.0345 0.0000 0.0000 0.9310 0.0000 0.3276 
 g  0.0345 0.8621 0.0000 0.9483 0.0000 0.0172 0.0000 0.1207 
 t  0.9483 0.1379 0.0172 0.0517 0.9310 0.0345 0.0000 0.5172 

       T      G      A      G      T      C      A      T    
                                                        c    


Z: 90 444 1931 170 299 520 323 205 576 563 252 295 843 479 120 93 375 1511 294 1308 813 1079 779 791 389 50 4 188 1042 412 141 114 372 818 135 350 163 336 113 303 153 617 100 216 1138 153 314 399 2617 1017 232 665 795 752 240 709 1486 605 

