
Transcription factor: GCN4_YPD

Trials: 10
Iterations/trial: 5000
Background model order: 3
Prior(s):
	0 = other/uniform prior

Number of sequences: 58
Motif length: 8


------------------------------ trial 1 ------------------------------
Best score: 106.56008891960896
Phi:
       1      2      3      4      5      6      7      8   
 a  0.3448 0.6207 0.0000 0.0172 0.9655 0.0345 0.0345 0.0000 
 c  0.1379 0.0000 0.0000 0.0000 0.0000 0.7586 0.0000 1.0000 
 g  0.3276 0.3793 0.0000 0.8621 0.0000 0.1897 0.0517 0.0000 
 t  0.1897 0.0000 1.0000 0.1207 0.0345 0.0172 0.9138 0.0000 

       a      A      T      G      A      C      T      C    
       g      g                                              


Z: 327 347 488 301 160 201 1804 326 819 140 1519 230 574 477 125 268 373 1509 1275 193 376 1077 777 2 271 599 2 807 987 1133 347 85 227 227 482 1021 522 811 811 1804 1264 1226 1893 2501 1066 278 155 44 1790 492 230 342 793 207 238 107 1484 576 



------------------------------ trial 2 ------------------------------
Best score: 141.04633995280045
Phi:
       1      2      3      4      5      6      7      8   
 a  0.5690 0.0000 0.0172 0.9655 0.0345 0.0517 0.1552 0.8966 
 c  0.0517 0.0000 0.0172 0.0000 0.9138 0.0000 0.8448 0.0517 
 g  0.3793 0.0000 0.9138 0.0172 0.0517 0.0172 0.0000 0.0000 
 t  0.0000 1.0000 0.0517 0.0172 0.0000 0.9310 0.0000 0.0517 

       A      T      G      A      C      T      C      A    
       g                                                     


Z: 328 348 489 302 298 202 1249 371 820 141 1520 231 832 9 94 317 197 365 1276 194 377 603 511 3 661 600 712 808 42 1134 371 86 228 228 483 1022 513 812 969 1805 1265 1227 1894 2502 426 279 156 45 221 493 2086 343 794 208 536 249 1485 577 



------------------------------ trial 3 ------------------------------
Best score: 134.999272556993
Phi:
       1      2      3      4      5      6      7      8   
 a  0.1034 0.0000 0.8966 0.0345 0.0000 0.1897 0.9828 0.0000 
 c  0.0000 0.0000 0.0345 0.2414 0.0000 0.7931 0.0000 0.4310 
 g  0.0172 1.0000 0.0000 0.7241 0.0000 0.0000 0.0172 0.0345 
 t  0.8793 0.0000 0.0690 0.0000 1.0000 0.0172 0.0000 0.5345 

       T      G      A      G      T      C      A      T    
                            c                           c    


Z: 90 444 1931 170 152 520 1050 205 576 563 252 295 377 479 88 191 198 366 1277 1308 813 604 779 791 389 50 713 188 799 412 372 87 372 818 135 350 153 336 113 303 153 617 100 216 1138 153 360 46 1047 1017 232 665 136 752 537 250 585 89 



------------------------------ trial 4 ------------------------------
Best score: 107.13864713103762
Phi:
       1      2      3      4      5      6      7      8   
 a  0.0000 0.9310 0.0000 0.1034 0.0517 0.9828 0.0172 0.2759 
 c  0.0172 0.0690 0.0000 0.0000 0.9310 0.0000 0.3448 0.1897 
 g  0.9483 0.0000 0.9828 0.0172 0.0172 0.0172 0.0690 0.2241 
 t  0.0345 0.0000 0.0172 0.8793 0.0000 0.0000 0.5690 0.3103 

       G      A      G      T      C      A      T      t    
                                                 c      a    
                                                        g    


Z: 91 445 1932 171 290 521 324 206 577 564 253 296 530 480 121 96 9 1512 295 294 768 1080 780 792 380 51 5 189 97 413 165 115 373 169 136 298 154 337 504 304 154 618 101 1615 1139 154 361 400 1875 1018 233 666 882 753 241 465 1487 90 



------------------------------ trial 5 ------------------------------
Best score: 142.1662934246905
Phi:
       1      2      3      4      5      6      7      8   
 a  0.0000 0.0517 0.9138 0.0000 0.0172 0.1552 0.9655 0.1552 
 c  0.0000 0.0000 0.0000 1.0000 0.0000 0.7931 0.0172 0.2586 
 g  0.0172 0.9483 0.0172 0.0000 0.0172 0.0517 0.0000 0.2069 
 t  0.9828 0.0000 0.0690 0.0000 0.9655 0.0000 0.0172 0.3793 

       T      G      A      C      T      C      A      t    
                                                        c    
                                                        g    


Z: 329 349 490 303 152 203 1806 372 821 142 1521 232 110 10 205 272 202 366 1277 195 378 604 456 4 662 601 713 809 43 1135 372 87 229 229 484 1023 514 813 970 1806 1266 1228 1895 2107 427 280 203 46 1939 494 2087 344 136 209 537 250 585 164 



------------------------------ trial 6 ------------------------------
Best score: 38.24416480681536
Phi:
       1      2      3      4      5      6      7      8   
 a  0.4655 0.1379 0.0000 0.0517 0.4655 0.8793 0.3448 0.0000 
 c  0.3276 0.0000 1.0000 0.0862 0.1207 0.1034 0.0690 1.0000 
 g  0.2069 0.1552 0.0000 0.8621 0.0000 0.0172 0.3448 0.0000 
 t  0.0000 0.7069 0.0000 0.0000 0.4138 0.0000 0.2414 0.0000 

       a      T      C      G      a      A      a      C    
       c                           t             g           
       g                                         t           


Z: 316 15 2187 106 214 528 1894 508 1143 104 1655 376 99 134 91 145 86 266 537 542 889 1316 532 511 784 275 441 880 681 1076 299 83 1 386 185 1133 530 1055 840 1968 534 161 211 2273 1324 128 369 426 2627 742 2217 866 753 705 269 398 171 372 



------------------------------ trial 7 ------------------------------
Best score: 149.62745528527122
Phi:
       1      2      3      4      5      6      7      8   
 a  0.0172 0.0000 0.9483 0.0000 0.0690 0.0172 1.0000 0.0345 
 c  0.0000 0.0000 0.0345 0.0000 0.0000 0.9310 0.0000 0.3276 
 g  0.0345 0.8621 0.0000 0.9483 0.0000 0.0172 0.0000 0.1207 
 t  0.9483 0.1379 0.0172 0.0517 0.9310 0.0345 0.0000 0.5172 

       T      G      A      G      T      C      A      T    
                                                        c    


Z: 90 444 1931 170 299 520 323 205 576 563 252 295 843 479 120 93 375 1511 294 1308 813 1079 779 791 389 50 4 188 1042 412 141 114 372 818 135 350 163 336 113 303 153 617 100 216 1138 153 314 399 2617 1017 232 665 795 752 240 709 1486 605 



------------------------------ trial 8 ------------------------------
Best score: 149.41419856955326
Phi:
       1      2      3      4      5      6      7      8   
 a  0.0517 0.0000 0.9483 0.0000 0.0690 0.0172 1.0000 0.0345 
 c  0.0000 0.0000 0.0345 0.0000 0.0000 0.9483 0.0000 0.3448 
 g  0.0517 0.9138 0.0000 0.9310 0.0000 0.0172 0.0000 0.1034 
 t  0.8966 0.0862 0.0172 0.0690 0.9310 0.0172 0.0000 0.5172 

       T      G      A      G      T      C      A      T    
                                                        c    


Z: 90 444 1931 170 299 520 323 205 576 563 252 295 843 479 120 95 375 1511 294 1308 813 1079 779 791 389 50 4 188 1042 412 164 114 372 818 135 350 163 336 113 303 153 617 100 216 1138 153 360 399 2617 1017 232 665 795 752 240 709 1486 605 



------------------------------ trial 9 ------------------------------
Best score: 9.190938784385647
Phi:
       1      2      3      4      5      6      7      8   
 a  0.9828 0.9138 0.7586 1.0000 0.9138 0.9828 0.0000 0.0862 
 c  0.0172 0.0000 0.0000 0.0000 0.0172 0.0000 0.0000 0.0000 
 g  0.0000 0.0862 0.0862 0.0000 0.0517 0.0172 0.0000 0.1379 
 t  0.0000 0.0000 0.1552 0.0000 0.0172 0.0000 1.0000 0.7759 

       A      A      A      A      A      A      T      T    


Z: 140 649 52 277 185 513 1553 22 990 117 909 248 675 459 186 78 542 345 29 1149 881 221 1010 42 1010 44 614 618 151 724 112 133 259 357 457 196 308 1088 705 1937 892 1597 1654 1800 1438 58 410 130 169 558 1229 735 645 467 39 896 1952 598 



------------------------------ trial 10 ------------------------------
Best score: 19.301759423102006
Phi:
       1      2      3      4      5      6      7      8   
 a  0.0000 0.9138 0.3621 0.6379 0.0000 1.0000 0.8448 0.8448 
 c  0.0862 0.0000 0.0000 0.0345 0.0000 0.0000 0.0000 0.0000 
 g  0.0000 0.0862 0.0000 0.3276 0.0000 0.0000 0.1207 0.0000 
 t  0.9138 0.0000 0.6379 0.0000 1.0000 0.0000 0.0345 0.1552 

       T      A      T      A      T      A      A      A    
                     a      g                                


Z: 178 454 1259 202 366 329 58 448 126 627 1072 218 47 308 48 32 357 516 15 831 988 1009 1003 170 908 192 608 403 136 743 32 166 489 749 508 1223 277 111 588 2100 1309 740 265 2646 1352 201 57 333 1395 1241 479 544 487 129 436 699 1642 403 

