0.323647747699155
0.176077229627939
0.176123641663959
0.324151381008947
0.371458788362013
0.158480601575026
0.173369447517085
0.296691162545875
0.332433860167616
0.187220699304693
0.162765380277266
0.317580060250425
0.316209181596818
0.204020608250441
0.185738462307467
0.294031747845274
0.275609207744056
0.17205697374006
0.180622610023704
0.371711208492181
0.418317830472946
0.14305777544871
0.180128389886021
0.258496004192323
0.352012323100905
0.17913296429492
0.168792115179262
0.300062597424914
0.340671983119048
0.192873858655697
0.189686232034525
0.27676792619073
0.33828832963949
0.154154590639057
0.183979646702425
0.323577433019029
0.342228040686148
0.175599086285665
0.177689423325575
0.304483449702612
0.318912048319428
0.193937135047832
0.164052868488202
0.323097948144538
0.289100673504424
0.218030549808513
0.18798697011049
0.304881806576573
0.245487303642813
0.183548223636057
0.185963628174089
0.385000844547041
0.408946790320572
0.140916760086512
0.183901212759452
0.266235236833464
0.336228451111988
0.190849673202614
0.175233583366232
0.297688292319165
0.320888974593839
0.209333269054621
0.186665381092417
0.283112375259124
0.310499422105968
0.152892511709958
0.198868544315348
0.337739521868727
0.304480228693742
0.178888779361235
0.154882273418577
0.361748718526446
0.320148979994921
0.187872802686154
0.148449535848311
0.343528681470613
0.303606486835382
0.204566603017508
0.180216765726273
0.311610144420837
0.225119461054391
0.189025250019584
0.167326422435178
0.418528866490848
0.453309481216458
0.12950444088755
0.176781847283683
0.240404230612309
0.369341110866535
0.167198620588451
0.175122899699171
0.288337368845843
0.369876586382247
0.178592764202766
0.198481735658813
0.253048913756174
0.357388699934007
0.1428194324585
0.197837453677852
0.301954413929641
0.353548071206239
0.166439338299584
0.182247403210576
0.297765187283601
0.344075308345072
0.194077026144914
0.164462156869482
0.297385508640533
0.305343789896042
0.202334488418749
0.187780412183111
0.304541309502097
0.285884040155706
0.158758451137062
0.202683876254866
0.352673632452366
0.437677474740804
0.126147394835898
0.189245856171168
0.24692927425213
0.359797001691653
0.180423496470863
0.17928600594995
0.280493495887534
0.348387288211032
0.188985490044806
0.19996439274799
0.262662828996172
0.333197903546906
0.137630520456669
0.203347824320481
0.325823751675944
0.313314964296802
0.161343526855014
0.147139863396461
0.378201645451723
0.350508214536854
0.171770120820814
0.159496260308125
0.318225404334207
0.322696556902285
0.19162286817548
0.181772676892274
0.303907898029962
0.264975999837631
0.167635806415604
0.179519184907805
0.38786900883896
0.369877081555914
0.164312573071697
0.186305179005909
0.27950516636648
0.338670518454777
0.200313469989858
0.152770521528013
0.308245490027352
0.308468599914888
0.215727399841936
0.177214420329503
0.298589579913673
0.300237622357781
0.188484182153497
0.162363455809335
0.348914739679387
0.33034262660324
0.191515625940868
0.167881014030228
0.310260733425664
0.300242130750605
0.199140188763157
0.159114493254929
0.341503187231309
0.260505677162589
0.248273440243474
0.180908346014281
0.310312536579656
0.215236401363569
0.204653920260857
0.17373647547058
0.406373202904995
0.369412393978758
0.153549323756399
0.186138916482005
0.290899365782838
0.311260623229462
0.208316471064346
0.182213678672602
0.29820922703359
0.307028866463272
0.229347570992725
0.180708753813659
0.282914808730345
0.291796394178553
0.1710955035841
0.184780247628702
0.352327854608645
0.295327145745267
0.200560558720823
0.156519941187282
0.347592354346627
0.301893171061528
0.190331304935767
0.149671153727949
0.358104370274756
0.273880325282194
0.23346279888336
0.173504066027431
0.319152809807015
0.20211830886877
0.212065277899856
0.174709208637309
0.411107204594064
0.429417557876632
0.137891334803656
0.203944904498356
0.228746202821356
0.366662641387916
0.17083283017349
0.191120235076279
0.271384293362315
0.358110401431701
0.187478786756765
0.209478848468018
0.244931963343516
0.326535396155649
0.148190768443933
0.227762860674253
0.297510974726165
0.34043166221384
0.174524595316675
0.202525014406203
0.282518728063283
0.335238534224476
0.185388338326803
0.1839133440885
0.295459783360221
0.280811937898809
0.222127317489826
0.217454655077124
0.279606089534241
0.25633070354283
0.175664095972579
0.209378601187838
0.358626599296753
0.434216082523979
0.135609579537914
0.188906315979972
0.241268021958135
0.342826760368024
0.187248601414767
0.188543159646771
0.281381478570438
0.311774461028192
0.203720978441128
0.196465588723051
0.288038971807628
0.312664232331161
0.146401392348906
0.227280483226973
0.31365389209296
0.327011336445299
0.171478445063351
0.174028164594202
0.327482053897148
0.349888303813627
0.181705760331897
0.161760012765278
0.306645923089197
0.307574363692119
0.20294388224471
0.195124195032199
0.294357559030972
0.24217876087035
0.179987731389601
0.193699707718399
0.38413380002165
0.380286746653078
0.156691527308102
0.161671376291286
0.301350349747533
0.334883262732736
0.182307161855975
0.161245197517486
0.321564377893804
0.306127093954843
0.202112163146395
0.170748361252731
0.321012381646031
0.346881515110185
0.148715001071644
0.162276172476278
0.342127311341894
0.33938675908898
0.176280237657377
0.162434573489885
0.321898429763757
0.296589506637368
0.196050690828091
0.154149483760272
0.353210318774269
0.297268426674805
0.211887685029757
0.170494430032046
0.320349458263391
0.22416175841532
0.195979072751802
0.16600309302096
0.413856075811918
0.382090135540831
0.153766898193381
0.174497717300552
0.289645248965235
0.324433315761729
0.193199789140749
0.160411175540327
0.321955719557196
0.305659585942415
0.222698265272493
0.170716361566348
0.300925787218743
0.299654278305964
0.160224719101124
0.187398444252377
0.352722558340536
0.285038967675993
0.193525906826022
0.151944899357701
0.369490226140284
0.298190020203138
0.199125453186838
0.136177455511582
0.366507071098442
0.300334678302211
0.201854805917863
0.174376778955929
0.323433736823997
0.204658631526989
0.195386355258143
0.147369210294476
0.452585802920392
